L3DR2D
Rotation Vector
0.996733 0.00405621 -0.0806637
-0.000997226 0.99928 0.0379268
0.0807595 -0.0377225 0.99602
Translation Vector
-0.0895056
-0.0371759
-0.0379617

L2DR3D
Rotation Vector
0.99046 0.0314649 0.13416
-0.0140716 0.991587 -0.128673
-0.13708 0.125558 0.98257
Translation Vector
0.417038
0.155334
0.886363



L3R2
Rotation Vector
0.993517 -0.060711 -0.0961136
0.059385 0.998097 -0.0165997
0.0969385 0.0107844 0.995232
Translation Vector
-0.107157
-0.0136594
-0.0801536
L2R3
Rotation Vector
0.992982 0.0596176 0.102143
-0.0607499 0.998121 0.00800782
-0.101474 -0.0141568 0.994737
Translation Vector
0.102202
0.0132246
0.0776738